小学校の先生であるあなたはA君に九九の表を埋める宿題を出しました．次の日，A君は宿題をやってきましたが，
いくつかのマスは間違っているようです．
A君の宿題を採点するプログラムを作成してください．
具体的には，以下の要件を満たすプログラムを作成してください．

A君の回答の表(9×9の二次元配列)を入力として受け取る
誤った値が書き込まれたマスを正しい値に書き直す
正しい値が書き込まれたマスの個数を数える
誤った値が書き込まれたマスの個数を数える

※参照渡しで実装する．

入力の形式
A(1,1) A(1,2) A(1,3) A(1,4) A(1,5) A(1,6) A(1,7) A(1,8) A(1,9)
A(2,1) A(2,2) A(2,3) A(2,4) A(2,5) A(2,6) A(2,7) A(2,8) A(2,9)
...
A(9,1) A(9,2) A(9,3) A(9,4) A(9,5) A(9,6) A(9,7) A(9,8) A(9,9)

出力の形式
A'(1,1) A'(1,2) A'(1,3) A'(1,4) A'(1,5) A'(1,6) A'(1,7) A'(1,8) A'(1,9)
A'(2,1) A'(2,2) A'(2,3) A'(2,4) A'(2,5) A'(2,6) A'(2,7) A'(2,8) A'(2,9)
...
A'(9,1) A'(9,2) A'(9,3) A'(9,4) A'(9,5) A'(9,6) A'(9,7) A'(9,8) A'(9,9)
correct_count
wrong_count

入力例1
1 2 3 4 5 6 7 8 9
2 4 100 8 10 12 14 16 18
3 6 9 12 15 18 21 24 27
4 8 12 16 20 24 28 32 36
5 10 15 20 25 30 35 40 45
6 12 18 24 30 36 42 48 54
7 14 21 28 35 42 49 56 63
8 16 24 32 40 48 56 64 72
9 18 27 36 45 54 63 72 81

出力例1
1 2 3 4 5 6 7 8 9
2 4 6 8 10 12 14 16 18
3 6 9 12 15 18 21 24 27
4 8 12 16 20 24 28 32 36
5 10 15 20 25 30 35 40 45
6 12 18 24 30 36 42 48 54
7 14 21 28 35 42 49 56 63
8 16 24 32 40 48 56 64 72
9 18 27 36 45 54 63 72 81
80
1

入力例2
1 2 3 4 5 6 7 8 9
2 4 6 8 10 37 14 79 18
3 6 9 12 15 18 21 24 39
4 8 12 16 20 24 28 32 36
5 10 15 20 25 30 35 40 41
6 67 18 24 50 36 42 10 9
7 14 21 28 35 42 49 56 63
8 16 24 32 40 48 56 64 14
9 18 27 36 45 54 63 72 81

出力例2
1 2 3 4 5 6 7 8 9
2 4 6 8 10 12 14 16 18
3 6 9 12 15 18 21 24 27
4 8 12 16 20 24 28 32 36
5 10 15 20 25 30 35 40 45
6 12 18 24 30 36 42 48 54
7 14 21 28 35 42 49 56 63
8 16 24 32 40 48 56 64 72
9 18 27 36 45 54 63 72 81
72
9



